decomposedAB1 =

  Columns 1 through 3

  0.894427190999916 + 0.000000000000000i -0.447213595499958 + 0.000000000000000i  0.000000000000000 + 0.000000000000000i
  0.447213595499958 + 0.000000000000000i  0.894427190999916 + 0.000000000000000i  0.000000000000000 + 0.000000000000000i
  0.000000000000000 + 0.000000000000000i  0.000000000000000 + 0.000000000000000i  0.894427190999916 + 0.000000000000000i
  0.000000000000000 + 0.000000000000000i  0.000000000000000 + 0.000000000000000i  0.447213595499958 + 0.000000000000000i

  Column 4

  0.000000000000000 + 0.000000000000000i
  0.000000000000000 + 0.000000000000000i
 -0.447213595499958 + 0.000000000000000i
  0.894427190999916 + 0.000000000000000i


decomposedCS =

   0.599999999999999                   0  -0.799999999999999                   0
                   0   0.999999999999999                   0                   0
   0.799999999999999                   0   0.599999999999999                   0
                   0                   0                   0   0.999999999999999


decomposedAB2 =

  Columns 1 through 3

 -0.894427190999915 + 0.000000000000000i -0.447213595499958 + 0.000000000000000i  0.000000000000000 + 0.000000000000000i
 -0.447213595499958 + 0.000000000000000i  0.894427190999915 - 0.000000000000000i  0.000000000000000 + 0.000000000000000i
  0.000000000000000 + 0.000000000000000i  0.000000000000000 + 0.000000000000000i  0.894427190999915 + 0.000000000000000i
  0.000000000000000 + 0.000000000000000i  0.000000000000000 + 0.000000000000000i -0.447213595499958 + 0.000000000000000i

  Column 4

  0.000000000000000 + 0.000000000000000i
  0.000000000000000 + 0.000000000000000i
  0.447213595499958 + 0.000000000000000i
  0.894427190999915 - 0.000000000000000i