
BO =

    0.1563   -0.4871   -0.4871   -0.2813   -0.4871   -0.2813   -0.2813   -0.1624
   -0.4871    0.7188   -0.2813   -0.1624   -0.2813   -0.1624   -0.1624   -0.0938
   -0.4871   -0.2813    0.7188   -0.1624   -0.2813   -0.1624   -0.1624   -0.0938
   -0.2813   -0.1624   -0.1624    0.9063   -0.1624   -0.0937   -0.0937   -0.0541
   -0.4871   -0.2813   -0.2813   -0.1624    0.7188   -0.1624   -0.1624   -0.0938
   -0.2813   -0.1624   -0.1624   -0.0937   -0.1624    0.9063   -0.0937   -0.0541
   -0.2813   -0.1624   -0.1624   -0.0937   -0.1624   -0.0937    0.9063   -0.0541
   -0.1624   -0.0938   -0.0938   -0.0541   -0.0938   -0.0541   -0.0541    0.9688

rz q0,-3.141593
ry q0,-1.749068
rz q0,-1.570796
rz q1,1.570796
cnot q0,q1
rz q1,-1.570796
cnot q0,q1
rz q0,-3.141593
ry q0,-0.504834
rz q0,3.141593
ry q1,1.733418
cnot q0,q1
ry q1,0.762379
cnot q0,q1
rz q0,-0.535601
ry q0,-1.437175
rz q0,-1.157558
rz q1,-0.785398
cnot q0,q1
rz q1,0.960879
cnot q0,q1
rz q0,0.626540
ry q0,-1.040477
rz q0,-0.626540
rz q1,-1.570796
cnot q0,q2
rz q1,-0.021343
cnot q1,q2
rz q1,0.021343
cnot q0,q2
rz q1,-1.570796
cnot q1,q2
rz q0,2.285636
ry q0,-2.217616
rz q0,0.654520
rz q1,-0.785398
cnot q0,q1
rz q1,-1.088849
cnot q0,q1
rz q0,2.140665
ry q0,-0.797715
rz q0,-2.140665
ry q1,0.536833
cnot q0,q1
ry q1,0.536833
cnot q0,q1
rz q0,4.712389
ry q0,-1.570796
rz q0,0.815214
rz q1,-0.000000
cnot q0,q1
rz q1,-0.815214
cnot q0,q1
rz q0,-0.000000
ry q0,-1.570796
rz q0,-1.570796
ry q1,0.523599
cnot q0,q2
ry q1,0.523599
cnot q1,q2
ry q1,0.523599
cnot q0,q2
ry q1,0.523599
cnot q1,q2
rz q0,-3.141593
ry q0,-2.326379
rz q0,-1.570796
rz q1,1.570796
cnot q0,q1
rz q1,1.570796
cnot q0,q1
rz q0,0.000000
ry q0,-0.815214
rz q0,-0.000000
ry q1,0.536833
cnot q0,q1
ry q1,0.536833
cnot q0,q1
rz q0,-2.780856
ry q0,-1.231483
rz q0,-2.779386
rz q1,-0.000000
cnot q0,q1
rz q1,-2.293740
cnot q0,q1
rz q0,1.931533
ry q0,-1.231483
rz q0,-1.931533
rz q1,-0.785398
cnot q0,q2
rz q1,-0.806741
cnot q1,q2
rz q1,-0.764055
cnot q0,q2
rz q1,-0.785398
cnot q1,q2
rz q0,1.234435
ry q0,-0.814217
rz q0,3.055660
rz q1,0.785398
cnot q0,q1
rz q1,1.806353
cnot q0,q1
rz q0,-2.208546
ry q0,-1.024349
rz q0,2.208546
ry q1,1.733418
cnot q0,q1
ry q1,0.762379
cnot q0,q1
rz q0,3.141593
ry q0,-2.636759
rz q0,1.570796
rz q1,-1.570796
cnot q0,q1
rz q1,1.570796
cnot q0,q1
rz q0,3.141593
ry q0,-1.392524
rz q0,-3.141593

maxerr =

  -1.3767e-14 + 1.2057e-15i


s =

         0         0    0.4082    0.4082    0.4082    0.4082    0.4082    0.4082


s =

   0.6276 - 0.0000i   0.2859 + 0.0000i  -0.1223 + 0.0000i  -0.3196 - 0.0000i  -0.1223 + 0.0000i  -0.3196 + 0.0000i  -0.3196 + 0.0000i  -0.4335 - 0.0000i


s =

   0.0100 + 0.0000i   0.3517 - 0.0000i   0.5153 + 0.0000i   0.3180 - 0.0000i   0.5153 - 0.0000i   0.3180 + 0.0000i   0.3180 + 0.0000i   0.2041 - 0.0000i


s =

  -0.9733 + 0.0000i  -0.2160 - 0.0000i  -0.0524 + 0.0000i  -0.0097 + 0.0000i  -0.0524 + 0.0000i  -0.0097 + 0.0000i  -0.0097 - 0.0000i   0.0149 + 0.0000i


s =

   0.6462 - 0.0000i  -0.1111 + 0.0000i  -0.2747 + 0.0000i  -0.3174 + 0.0000i  -0.2747 - 0.0000i  -0.3174 + 0.0000i  -0.3174 + 0.0000i  -0.3420 + 0.0000i


s =

   0.7461 - 0.0000i  -0.0535 + 0.0000i  -0.2171 - 0.0000i  -0.2841 - 0.0000i  -0.2171 - 0.0000i  -0.2841 + 0.0000i  -0.2841 + 0.0000i  -0.3228 - 0.0000i


s =

  -0.9752 + 0.0000i  -0.1757 - 0.0000i  -0.0121 + 0.0000i   0.0550 + 0.0000i  -0.0121 + 0.0000i   0.0550 - 0.0000i   0.0550 - 0.0000i   0.0937 - 0.0000i


s =

  -0.1166 - 0.0000i   0.3200 - 0.0000i   0.4836 + 0.0000i   0.3412 - 0.0000i   0.4836 - 0.0000i   0.3412 - 0.0000i   0.3412 + 0.0000i   0.2589 - 0.0000i


s =

   0.7299 - 0.0000i   0.2932 + 0.0000i   0.1296 - 0.0000i   0.2721 + 0.0000i   0.1296 + 0.0000i   0.2721 - 0.0000i   0.2721 - 0.0000i   0.3544 + 0.0000i


s =

  -0.4422 + 0.0000i  -0.3835 + 0.0000i  -0.5471 - 0.0000i  -0.1186 + 0.0000i  -0.5471 + 0.0000i  -0.1186 - 0.0000i  -0.1186 - 0.0000i   0.1288 + 0.0000i


s =

  -0.0945 - 0.0000i  -0.1532 + 0.0000i   0.0104 + 0.0000i  -0.4181 - 0.0000i   0.0104 - 0.0000i  -0.4181 + 0.0000i  -0.4181 + 0.0000i  -0.6655 - 0.0000i


s =

   0.5106 - 0.0000i   0.1961 - 0.0000i   0.3597 + 0.0000i  -0.2164 - 0.0000i   0.3597 - 0.0000i  -0.2164 + 0.0000i  -0.2164 + 0.0000i  -0.5491 - 0.0000i


s =

  -0.4537 + 0.0000i  -0.1392 - 0.0000i  -0.3028 - 0.0000i   0.2734 + 0.0000i  -0.3028 + 0.0000i   0.2734 - 0.0000i   0.2734 - 0.0000i   0.6060 + 0.0000i


s =

  -0.0372 + 0.0000i   0.1013 - 0.0000i  -0.0623 - 0.0000i   0.4122 + 0.0000i  -0.0623 - 0.0000i   0.4122 - 0.0000i   0.4122 - 0.0000i   0.6862 + 0.0000i


s =

   0.5028 - 0.0000i   0.3643 - 0.0000i   0.5279 + 0.0000i   0.0533 - 0.0000i   0.5279 - 0.0000i   0.0533 + 0.0000i   0.0533 + 0.0000i  -0.2206 - 0.0000i


ans =

    0.5573



###################################### OCTAVE ######################################

0.00000   0.00000   0.35355   0.35355   0.35355   0.35355   0.35355   0.61237
0.609044   0.295350  -0.058203  -0.239314  -0.058203  -0.239314  -0.239314  -0.602698
-0.023684   0.290010   0.527157   0.346046   0.527157   0.346046   0.346046  -0.017338
-0.9477347  -0.2434911  -0.0063441   0.0380289  -0.0063441   0.0380289   0.0380289  -0.1951713
0.626485  -0.077758  -0.314906  -0.359279  -0.314906  -0.359279  -0.359279  -0.126078
0.7661871   0.0028985  -0.2342486  -0.3127112  -0.2342486  -0.3127112  -0.3127112  -0.0991927
-0.950372  -0.187083   0.050064   0.128527   0.050064   0.128527   0.128527  -0.084992
-0.200780   0.245694   0.482841   0.378391   0.482841   0.378391   0.378391   0.059267
0.752039   0.305565   0.068418   0.172868   0.068418   0.172868   0.172868   0.491992
-0.32375  -0.31554  -0.55269  -0.18573  -0.55269  -0.18573  -0.18573   0.28496
-0.180475  -0.188683   0.048464  -0.318498   0.048464  -0.318498  -0.318498  -0.789182
0.41338   0.15418   0.39132  -0.12055   0.39132  -0.12055  -0.12055  -0.67489
-0.334960  -0.075760  -0.312907   0.198964  -0.312907   0.198964   0.198964   0.753313
-7.7193e-04   1.1718e-01  -1.1996e-01   3.1036e-01  -1.1996e-01   3.1036e-01   3.1036e-01   8.1763e-01
0.407070   0.289115   0.526262   0.095938   0.526262   0.095938   0.095938  -0.411329

ans =  0.55390