BO =

   -0.2800   -0.6400   -0.6400   -0.3200
   -0.6400    0.6800   -0.3200   -0.1600
   -0.6400   -0.3200    0.6800   -0.1600
   -0.3200   -0.1600   -0.1600    0.9200

Decompose U using Fat CSD at Level 2


	Decompose U1 (using ZYZ) at Level 2:	 I-Ph(0.000000,_) * I-Rz(3.141593,_) * I-Ry(0.927295,_) * I-Rz(-3.141593,_)
	Decompose CS (using Grey) at Level 2:	 CX(0,1) * I-Ry(-0.927295,_)

	Decompose CS (using Grey) at Level 2:	 CX(0,1) * I-Ry(-0.927295,_)

	Decompose V2 at Level 2:	 I
	Decompose D2 (using Grey) at Level 2:	 CX(0,1) * I-Rz(1.570796,_)

	Decompose D2 (using Grey) at Level 2:	 CX(0,1) * I-Rz(1.570796,_)

	Decompose W2 (using ZYZ) at Level 2:	 I-Ph(0.785398) * I-Rz(1.570796,_) * I-Ry(0.927295,_) * I-Rz(0.000000,_)


BOD =

  -0.2800 + 0.0000i  -0.6400 + 0.0000i  -0.6400 - 0.0000i  -0.3200 - 0.0000i
  -0.6400 + 0.0000i   0.6800 - 0.0000i  -0.3200 - 0.0000i  -0.1600 - 0.0000i
  -0.6400 + 0.0000i  -0.3200 + 0.0000i   0.6800 + 0.0000i  -0.1600 + 0.0000i
  -0.3200 + 0.0000i  -0.1600 + 0.0000i  -0.1600 + 0.0000i   0.9200 - 0.0000i


maxerr =

   1.1102e-15 + 1.7777e-16i


s =

    0.5000    0.5000    0.5000    0.5000


T =

     3


s =

    0.3200   -0.4000   -0.4000   -0.7600


s =

   -0.8968   -0.0040   -0.0040    0.4424


s =

    0.7920    0.4050    0.4050    0.2114